328
21972 8645
21974 8645
21975 8644
21976 8644
21976 8643
21978 8643
21978 8642
21980 8642
21980 8643
21982 8643
21982 8644
21986 8644
21986 8643
21987 8643
21987 8644
21988 8643
21988 8644
21990 8644
21990 8645
21991 8645
21991 8644
21994 8644
21994 8645
21995 8644
21998 8644
21999 8643
22001 8643
22002 8644
22002 8643
22004 8643
22004 8642
22005 8642
22005 8641
22007 8641
22007 8640
22009 8640
22009 8639
22014 8639
22014 8638
22016 8638
22016 8636
22018 8636
22018 8635
22022 8635
22022 8634
22026 8634
22026 8633
22030 8633
22030 8632
22034 8632
22034 8631
22035 8631
22035 8630
22036 8630
22036 8631
22037 8631
22037 8630
22039 8630
22039 8629
22040 8629
22042 8628
22044 8628
22044 8626
22045 8626
22045 8625
22046 8625
22046 8624
22047 8624
22047 8622
22048 8622
22048 8620
22049 8620
22049 8616
22050 8616
22050 8614
22052 8612
22054 8611
22054 8610
22052 8610
22052 8608
22054 8608
22054 8605
22052 8604
22052 8601
22051 8601
22051 8600
22050 8600
22050 8599
22049 8599
22049 8598
22048 8598
22048 8596
22047 8596
22047 8594
22045 8592
22045 8591
22044 8591
22044 8590
22042 8590
22042 8588
22041 8586
22041 8584
22040 8584
22040 8582
22039 8581
22039 8580
22038 8580
22038 8578
22037 8578
22037 8576
22036 8576
22036 8575
22035 8575
22035 8574
22032 8574
22032 8573
22028 8573
22028 8572
22025 8572
22025 8571
22021 8571
22021 8570
22020 8570
22020 8569
22018 8569
22016 8571
22014 8571
22014 8572
22011 8572
22011 8571
22008 8571
22008 8570
22006 8570
22005 8569
22001 8569
22001 8568
21998 8568
21998 8566
21989 8566
21989 8565
21987 8565
21987 8564
21985 8564
21984 8563
21972 8563
21972 8562
21970 8562
21970 8560
21964 8560
21964 8561
21956 8561
21955 8560
21945 8560
21944 8561
21940 8561
21939 8562
21936 8562
21935 8563
21929 8563
21929 8564
21926 8564
21926 8565
21924 8565
21922 8566
21921 8566
21920 8568
21919 8568
21919 8569
21916 8569
21916 8570
21906 8570
21905 8571
21900 8571
21899 8572
21887 8572
21887 8571
21882 8571
21881 8572
21879 8572
21879 8573
21878 8573
21878 8574
21877 8574
21877 8575
21876 8575
21876 8576
21875 8576
21874 8578
21872 8578
21872 8579
21868 8579
21868 8578
21861 8578
21861 8579
21856 8579
21855 8580
21854 8580
21852 8581
21850 8581
21849 8582
21848 8582
21848 8583
21845 8583
21845 8584
21842 8584
21842 8585
21841 8585
21841 8588
21840 8588
21840 8590
21839 8590
21839 8596
21838 8598
21838 8601
21839 8602
21840 8602
21840 8604
21839 8604
21839 8605
21840 8606
21840 8609
21841 8609
21841 8611
21840 8611
21840 8612
21841 8612
21841 8614
21842 8614
21842 8615
21849 8615
21849 8618
21850 8619
21851 8619
21852 8620
21855 8620
21855 8621
21856 8621
21856 8622
21857 8622
21857 8623
21858 8623
21858 8624
21859 8624
21859 8625
21860 8625
21860 8626
21861 8626
21861 8628
21864 8628
21864 8629
21865 8629
21865 8630
21868 8630
21868 8631
21871 8631
21871 8632
21875 8632
21876 8631
21878 8630
21881 8630
21881 8631
21880 8631
21880 8632
21879 8633
21880 8633
21880 8634
21881 8634
21881 8636
21882 8636
21884 8638
21885 8638
21886 8639
21886 8640
21887 8641
21887 8642
21889 8642
21889 8643
21890 8643
21890 8644
21891 8644
21892 8645
21892 8646
21895 8646
21895 8648
21898 8648
21898 8649
21899 8649
21899 8650
21901 8650
21901 8651
21911 8651
21911 8652
21915 8652
21915 8651
21916 8651
21916 8653
21917 8653
21917 8654
21919 8654
21919 8653
21921 8653
21922 8652
21926 8652
21926 8653
21930 8653
21930 8654
21944 8654
21944 8655
21946 8655
21946 8656
21949 8656
21949 8655
21954 8655
21954 8654
21960 8654
21961 8653
21962 8653
21964 8652
21965 8652
21965 8651
21966 8651
21967 8650
21967 8649
21968 8649
21968 8648
21969 8648
21969 8646
21971 8646
21971 8645
21974 8645
21975 8645
